1.6807e-05 0.282475 0.62265 
0.984944 0.144109 0.470211 
0.101028 0.457851 0.458778 
0.00723771 0.823564 0.115438 
0.784484 0.074243 0.114808 
0.137523 0.441282 0.0165317 
0.823379 0.143543 0.896544 
0.474833 0.264818 0.998097 
0.81713 0.131571 0.197493 
0.40428 0.893352 0.505795 
0.954899 0.636808 0.563614 
0.101929 0.580724 0.704878 
0.358581 0.624379 0.128237 
0.784559 0.530512 0.110011 
0.551901 0.617819 0.399125 
0.156092 0.356425 0.899894 
0.58564 0.937186 0.646035 
0.0259212 0.510617 0.590358 
0.771516 0.357571 0.0447881 
0.927702 0.95251 0.130061 
0.942728 0.0834547 0.108729 
0.685118 0.118798 0.0608069 
0.571541 0.194847 0.0353082 
0.158375 0.0752603 0.824939 
0.595029 0.962408 0.137624 
0.99739 0.0207391 0.107555 
0.635339 0.654002 0.777724 
0.26922 0.0340756 0.478447 
0.864547 0.351934 0.58103 
0.55781 0.146319 0.908194 
0.500782 0.657821 0.7538 
0.102247 0.269407 0.816732 
0.884937 0.80713 0.578354 
0.892053 0.153852 0.0048449 
0.616784 0.382956 0.330111 
0.227619 0.723153 0.0709824 
0.147722 0.0704779 0.0516216 
0.606946 0.19096 0.912844 
0.341854 0.808266 0.343098 
0.45688 0.534828 0.28009 
0.1954 0.589674 0.00644159 
0.889688 0.0577164 0.524326 
0.0141191 0.515205 0.388471 
0.681911 0.904798 0.400285 
0.322842 0.46318 0.828531 
0.832634 0.0731857 0.316825 
0.260974 0.81586 0.267249 
0.0517248 0.194315 0.318153 
0.111632 0.87782 0.304556 
0.213111 0.541437 0.049077 
0.996498 0.0639361 0.270649 
0.428975 0.685583 0.351345 
0.272112 0.398557 0.334949 
0.724586 0.532236 0.0231295 
0.836046 0.436477 0.0609352 
0.936329 0.915896 0.304988 
0.0347124 0.881141 0.281725 
0.901915 0.197941 0.348319 
0.152608 0.78456 0.543437 
0.290145 0.681809 0.977765 
0.750597 0.971307 0.737195 
0.000755539 0.399399 0.462242 
0.459413 0.951895 0.537141 
0.848682 0.0120281 0.086532 
0.289336 0.7557 0.623162 
0.992664 0.043046 0.358796 
0.943455 0.771024 0.479575 
0.507977 0.119879 0.0495904 
0.828088 0.621302 0.154113 
0.10474 0.222123 0.889119 
0.23849 0.882411 0.944976 
0.567121 0.86673 0.53683 
0.719534 0.517273 0.592823 
0.0410006 0.902737 0.127402 
0.994978 0.140003 0.532063 
0.0499974 0.43383 0.464689 
0.428541 0.968456 0.859469 
0.911301 0.16812 0.298919 
0.967114 0.12464 0.462851 
0.957828 0.67803 0.105223 
0.893016 0.944303 0.00401685 
0.732268 0.784171 0.454234 
0.145587 0.329863 0.353963 
0.323602 0.00127784 0.00188764 
0.660761 0.56194 0.685429 
0.897055 0.465645 0.461496 
0.440797 0.796198 0.522395 
0.779637 0.203042 0.17553 
0.640688 0.351995 0.459244 
0.458588 0.174077 0.834992 
0.0447473 0.0348375 0.837204 
0.578134 0.486422 0.609961 
0.668307 0.683338 0.907226 
0.605925 0.416542 0.0243014 
0.411939 0.111483 0.524103 
0.760348 0.293035 0.855007 
0.290659 0.379848 0.778878 
0.338725 0.121579 0.552265 
0.50165 0.218265 0.471181 
0.363045 0.494664 0.706755 
0.49517 0.616927 0.437785 
0.36028 0.121205 0.28466 
0.487495 0.68457 0.502883 
0.252194 0.637608 0.129841 
0.189516 0.262697 0.707953 
0.509658 0.307187 0.347222 
0.0422279 0.847321 0.746475 
0.195796 0.586983 0.678621 
0.290624 0.135049 0.667307 
0.262976 0.112576 0.925239 
0.555861 0.795055 0.843999 
0.959637 0.0219794 0.832861 
0.599777 0.168069 0.794015 
0.545294 0.442645 0.452208 
0.10367 0.564675 0.547837 
0.0288412 0.98934 0.0189849 
0.690545 0.988775 0.110561 
0.42025 0.86293 0.300601 
0.118498 0.322968 0.439025 
0.738343 0.163314 0.122721 
0.780777 0.0321061 0.588861 
0.380787 0.172819 0.971063 
0.572548 0.0832453 0.529855 
0.812423 0.490404 0.978719 
0.754712 0.0474244 0.345206 
0.518163 0.520045 0.937674 
0.25074 0.614285 0.129301 
0.49396 0.600247 0.618908 
0.367604 0.00913523 0.0644885 
0.17162 0.350214 0.939825 
0.681463 0.603481 0.937217 
0.0136187 0.255821 0.113424 
0.143559 0.16828 0.836942 
0.463483 0.828434 0.346175 
0.415306 0.523253 0.156766 
0.601916 0.752201 0.79867 
0.473392 0.666083 0.0200736 
0.222903 0.118753 0.66619 
0.473918 0.11871 0.151687 
0.344186 0.554271 0.63785 
0.108668 0.026077 0.981748 
0.116667 0.958829 0.322792 
0.614057 0.790319 0.49387 
0.240765 0.46279 0.711193 
0.123427 0.119315 0.16478 
0.00355927 0.83866 0.0630404 
0.810783 0.051519 0.237322 
0.586902 0.458855 0.151624 
0.076424 0.263082 0.0902653 
0.404319 0.754451 0.318825 
0.304836 0.270439 0.187262 
0.0487606 0.766491 0.79981 
0.092191 0.556229 0.540151 
0.911254 0.746007 0.928256 
0.525245 0.633413 0.492193 
0.970343 0.56612 0.429158 
0.250334 0.450032 0.244117 
0.17462 0.0130553 0.377902 
0.287114 0.927516 0.177181 
0.476211 0.805972 0.79574 
0.265509 0.0902451 0.0636413 
0.172557 0.0613823 0.652354 
0.00581517 0.537204 0.772359 
0.65166 0.0736459 0.609006 
0.442902 0.463866 0.625152 
0.0780989 0.495149 0.476027 
0.208179 0.401495 0.324161 
0.797717 0.482757 0.501849 
0.402332 0.356327 0.597952 
0.343077 0.102303 0.42162 
0.268317 0.0382995 0.0397696 
0.333685 0.962854 0.0385356 
0.27463 0.550208 0.0664017 
0.115308 0.948399 0.11492 
0.657737 0.140352 0.950885 
0.0984785 0.00446692 0.706643 
0.957627 0.596169 0.440967 
0.368034 0.79998 0.0180449 
0.0720023 0.547517 0.151044 
0.265963 0.130302 0.343776 
0.111768 0.225883 0.807271 
0.791481 0.910298 0.702716 
0.53233 0.238617 0.872357 
0.62832 0.79658 0.50279 
0.8355 0.00841605 0.300522 
0.777569 0.158577 0.977261 
0.862627 0.516342 0.178425 
0.905333 0.0144282 0.622269 
0.22542 0.464686 0.722322 
0.132667 0.436281 0.854659 
0.52345 0.528073 0.566212 
0.822103 0.173958 0.987333 
0.500078 0.708007 0.0551512 
0.00693375 0.571487 0.427408 
0.913091 0.401203 0.069048 
0.287847 0.709087 0.0316153 
0.367553 0.301378 0.137017 
0.746233 0.62807 0.0944827 
0.77347 0.791728 0.560025 
0.707455 0.722463 0.356701 
0.0973684 0.0889497 0.329242 
0.64726 0.132567 0.115195 
0.995334 0.473554 0.439296 
0.19111 0.502575 0.517114 
0.0622118 0.562165 0.528088 
0.812535 0.430881 0.499521 
0.93651 0.00824034 0.849386 
0.0986033 0.954598 0.0735365 
0.124791 0.0679438 0.617428 
0.270426 0.767145 0.707765 
0.498384 0.152186 0.924746 
0.866684 0.120264 0.0764227 
0.826501 0.862973 0.669167 
0.318666 0.142327 0.373366 
0.00518282 0.00127163 0.483423 
0.751073 0.162937 0.230093 
0.341914 0.0299095 0.763801 
0.333749 0.0882074 0.737904 
0.236265 0.207314 0.114057 
0.0481145 0.205777 0.840127 
0.110052 0.448531 0.583071 
0.499932 0.0489617 0.412282 
0.440942 0.742754 0.142357 
0.302173 0.978085 0.476004 
0.81629 0.258459 0.359302 
0.056564 0.484183 0.637121 
0.532649 0.166053 0.266606 
0.987503 0.996511 0.924376 
0.0865615 0.785109 0.974045 
0.292007 0.554427 0.115267 
0.0540215 0.346646 0.0961922 
0.233429 0.586802 0.141231 
0.500142 0.432477 0.209235 
0.178402 0.311549 0.434445 
0.0632736 0.227464 0.264627 
0.947713 0.324736 0.0786268 
0.570592 0.0679819 0.110846 
0.121123 0.688574 0.0752897 
0.526439 0.230168 0.822419 
0.185045 0.28241 0.31235 
0.00843731 0.657922 0.101978 
0.0451398 0.396139 0.496787 
0.875181 0.0455014 0.0303258 
0.52568 0.147183 0.594095 
0.300383 0.601518 0.510474 
0.139218 0.0148852 0.505523 
0.887972 0.28307 0.681485 
0.976227 0.463491 0.763465 
0.132611 0.494501 0.308559 
0.931707 0.539925 0.399117 
0.0103414 0.00990713 0.591316 
0.844186 0.598995 0.0453299 
0.0883876 0.264033 0.894374 
0.508546 0.937358 0.231367 
0.645348 0.21446 0.94761 
0.739972 0.63794 0.626979 
0.726944 0.710298 0.119413 
0.230901 0.0421438 0.434827 
0.245832 0.0923961 0.856735 
0.05622 0.788974 0.728536 
0.34833 0.342695 0.123959 
0.320515 0.00524015 0.81735 
0.897741 0.91082 0.885296 
0.398645 0.662128 0.129155 
0.748946 0.927704 0.974594 
0.935351 0.653662 0.366782 
0.22931 0.0674391 0.725005 
0.121447 0.850319 0.595279 
0.867224 0.260276 0.83574 
0.743532 0.128868 0.0183586 
0.902025 0.245245 0.608777 
0.891469 0.726031 0.407052 
0.595851 0.543868 0.887986 
0.156485 0.524957 0.887767 
0.771761 0.192958 0.345807 
0.895063 0.207079 0.448892 
0.208199 0.746005 0.885903 
0.652188 0.364093 0.925271 
0.886377 0.0446879 0.242817 
0.810642 0.821669 0.476562 
0.261434 0.164973 0.307739 
0.0257258 0.521681 0.511143 
0.839594 0.0956881 0.350266 
0.462863 0.951398 0.778248 
0.845146 0.705699 0.920998 
0.157864 0.070801 0.039109 
0.967946 0.0730059 0.590767 
0.00326609 0.644507 0.313953 
0.236263 0.17249 0.0883768 
0.876554 0.511982 0.0683708 
0.789872 0.425373 0.278059 
0.421567 0.728253 0.236262 
0.945469 0.257727 0.929597 
0.790709 0.821019 0.288775 
0.922286 0.319519 0.439236 
0.137607 0.499086 0.864877 
0.823811 0.759921 0.703775 
0.803694 0.0206328 0.0303167 
0.372366 0.388338 0.384908 
0.715914 0.810383 0.768094 
0.836446 0.717918 0.48947 
0.311165 0.626046 0.432063 
0.834735 0.675811 0.309544 
0.293321 0.0120006 0.977466 
0.820242 0.109243 0.739713 
0.567222 0.624917 0.790246 
0.267127 0.362835 0.104577 
0.983646 0.809207 0.334735 
0.623188 0.430167 0.0247618 
0.706993 0.204555 0.619881 
0.892409 0.688508 0.105074 
0.544374 0.808276 0.497991 
0.998595 0.801783 0.107467 
0.158592 0.434757 0.215868 
0.785684 0.907425 0.802917 
0.629306 0.389115 0.767781 
0.00598629 0.265768 0.792508 
0.994411 0.348255 0.0281954 
0.871419 0.108408 0.955308 
0.279744 0.606986 0.855794 
0.28137 0.224582 0.428738 
0.789665 0.2483 0.414319 
0.108899 0.0406218 0.978848 
0.41807 0.0781697 0.12329 
0.598709 0.545747 0.268 
0.79762 0.792486 0.417098 
0.568626 0.380889 0.750608 
0.148638 0.426245 0.694558 
0.866567 0.949983 0.97132 
0.594139 0.0438746 0.251766 
0.893369 0.796103 0.0670291 
0.714958 0.129967 0.150957 
0.756872 0.996924 0.423552 
0.522329 0.0217033 0.281453 
0.270655 0.530372 0.904229 
0.421289 0.34995 0.79529 
0.293655 0.338403 0.801049 
0.442354 0.840859 0.871068 
0.433119 0.248263 8.6383e-05 
0.451839 0.350237 0.976133 
0.233399 0.069298 0.75461 
0.836276 0.796367 0.4204 
0.237874 0.128763 0.598734 
0.600207 0.950527 0.378859 
0.197141 0.926818 0.131205 
0.275947 0.0708746 0.483764 
0.0462795 0.222648 0.923553 
0.933088 0.478745 0.436279 
0.0344864 0.585067 0.0339245 
0.524631 0.0471149 0.024246 
0.272919 0.0646684 0.840728 
0.466884 0.0150494 0.680351 
0.108219 0.061702 0.37734 
0.231368 0.294406 0.277118 
0.770872 0.0777227 0.408508 
0.0846059 0.130552 0.254256 
0.939299 0.436461 0.596111 
0.830448 0.840726 0.784767 
0.521841 0.265095 0.564026 
0.391731 0.43211 0.822559 
0.0484395 0.226694 0.403682 
0.775172 0.674304 0.544479 
0.431006 0.247622 0.754137 
0.337486 0.62726 0.36316 
0.480385 0.441716 0.869226 
0.903766 0.244171 0.734113 
0.938967 0.502464 0.791609 
0.700769 0.823359 0.606062 
0.568357 0.364988 0.145751 
0.157161 0.144768 0.61098 
0.262467 0.353475 0.91291 
0.66044 0.458633 0.931854 
0.0710329 0.995703 0.227726 
0.571847 0.0351917 0.702483 
0.55303 0.459381 0.606588 
0.817392 0.446941 0.993998 
0.640814 0.324059 0.236634 
0.765222 0.949588 0.424988 
0.245042 0.698961 0.499293 
0.0391942 0.606251 0.24595 
0.92192 0.405805 0.742794 
0.821226 0.461815 0.711443 
0.0381932 0.963591 0.686784 
0.844929 0.567627 0.785742 
0.885054 0.278334 0.737499 
0.0230789 0.7778 0.756044 
0.173206 0.228127 0.667292 
0.812909 0.059344 0.755174 
0.380261 0.934961 0.75659 
0.749809 0.604612 0.973792 
0.344652 0.598974 0.338315 
0.667344 0.54107 0.314384 
0.835246 0.675614 0.306625 
0.270416 0.802433 0.286245 
0.562346 0.270649 0.435547 
0.61174 0.152364 0.98551 
0.0685498 0.503963 0.424167 
0.468763 0.174647 0.834459 
0.327626 0.258077 0.73758 
0.0276382 0.0977542 0.129412 
0.781815 0.30318 0.720495 
0.488528 0.857307 0.28676 
0.407045 0.115377 0.1182 
0.744412 0.888155 0.0683725 
0.232033 0.092652 0.862124 
0.441132 0.791794 0.511568 
0.539614 0.266388 0.477901 
0.489116 0.00337932 0.961673 
0.879965 0.00361393 0.0482361 
0.102731 0.808531 0.845785 
0.704827 0.308823 0.712543 
0.340041 0.404182 0.383817 
0.556455 0.0558352 0.119656 
0.446138 0.379383 0.203288 
0.809458 0.259181 0.964449 
0.295742 0.257996 0.165225 
0.0385258 0.903958 0.175223 
0.778663 0.216486 0.642551 
0.807468 0.960657 0.77796 
0.083701 0.746506 0.713418 
0.803448 0.96362 0.378889 
0.490195 0.75183 0.00547181 
0.415825 0.862332 0.99856 
0.00332328 0.812703 0.111528 
0.489103 0.931162 0.117091 
0.294192 0.98458 0.479904 
0.599181 0.878918 0.588991 
0.0671197 0.65269 0.413706 
0.746311 0.590276 0.54138 
0.877519 0.685931 0.551112 
0.239225 0.359225 0.714972 
0.000591308 0.348179 0.743956 
0.0133041 0.0570073 0.13735 
0.684079 0.842379 0.296357 
0.857152 0.830889 0.817708 
0.120548 0.98114 0.643967 
0.628128 0.0657088 0.147484 
0.145534 0.592609 0.751152 
0.710653 0.42735 0.290067 
0.165707 0.540506 0.432969 
0.236143 0.103289 0.605675 
0.305713 0.125225 0.714659 
0.191376 0.314975 0.229803 
0.124819 0.528926 0.22756 
0.718044 0.457517 0.148964 
0.813852 0.881758 0.713121 
0.312245 0.597888 0.4214 
0.864971 0.256337 0.192826 
0.0611069 0.319632 0.986057 
0.318396 0.55058 0.0851762 
0.332974 0.737638 0.0518978 
0.368065 0.311518 0.910201 
0.22071 0.568463 0.803101 
0.785214 0.808049 0.185984 
0.25223 0.898004 0.237955 
0.698496 0.47138 0.211145 
0.872328 0.142161 0.0928044 
0.129367 0.0207939 0.236507 
0.130688 0.180074 0.500457 
0.27324 0.0200208 0.127447 
0.955861 0.971341 0.943842 
0.843639 0.141421 0.179618 
0.266899 0.81747 0.408576 
0.426671 0.409335 0.0899164 
0.982724 0.342194 0.298898 
0.608452 0.0894233 0.284101 
0.830103 0.135047 0.987761 
0.0388083 0.00216102 0.606087 
0.988381 0.925188 0.860019 
0.426556 0.826278 0.630362 
0.748534 0.444696 0.549593 
0.467515 0.674281 0.361814 
0.477559 0.977694 0.355977 
0.00820001 0.378615 0.382578 
0.425314 0.435107 0.448375 
0.111285 0.694507 0.00280482 
0.688965 0.201098 0.869251 
0.95589 0.317344 0.400259 
0.0228898 0.894833 0.41933 
0.4379 0.365817 0.0345199 
0.355223 0.234254 0.775655 
0.205024 0.0698289 0.527195 
0.0512409 0.0645109 0.903039 
0.903426 0.961133 0.175535 
0.370604 0.0459274 0.748951 
0.0113519 0.252119 0.178768 
0.0130819 0.617779 0.713635 
0.370352 0.101581 0.81696 
0.778471 0.0766979 0.0102604 
0.647229 0.976173 0.912233 
0.811472 0.537635 0.576062 
0.802933 0.908302 0.521447 
0.871608 0.130221 0.128632 
0.196567 0.866913 0.679612 
0.56863 0.661122 0.397216 
0.624843 0.332884 0.38587 
0.7029 0.331212 0.395899 
0.977533 0.144996 0.348811 
0.988075 0.878445 0.0669745 
0.359243 0.21346 0.116197 
